-3.341277599334716797e+00,-3.625916957855224609e+00,-2.415621042251586914e+00,1.855485320091247559e+00,1.952072143554687500e+00,-8.453935384750366211e-01,-1.945625424385070801e+00,-6.863656997680664062e+00,-5.326623439788818359e+00,-6.295036315917968750e+00,-1.105490803718566895e+00,-3.446435451507568359e+00,-5.204433441162109375e+00,-5.502186298370361328e+00,-3.581691503524780273e+00
-3.341323852539062500e+00,-3.625956535339355469e+00,-2.415670871734619141e+00,1.855465531349182129e+00,1.952062606811523438e+00,-8.453820943832397461e-01,-1.945701718330383301e+00,-6.863666534423828125e+00,-5.326635837554931641e+00,-6.295083045959472656e+00,-1.105516910552978516e+00,-3.446437358856201172e+00,-5.204419136047363281e+00,-5.502171039581298828e+00,-3.581691741943359375e+00
-3.341372966766357422e+00,-3.625998497009277344e+00,-2.415723085403442383e+00,1.855444908142089844e+00,1.952052116394042969e+00,-8.453700542449951172e-01,-1.945781826972961426e+00,-6.863676071166992188e+00,-5.326648712158203125e+00,-6.295133590698242188e+00,-1.105544567108154297e+00,-3.446439743041992188e+00,-5.204404830932617188e+00,-5.502154350280761719e+00,-3.581691980361938477e+00
-3.341423988342285156e+00,-3.626042366027832031e+00,-2.415777921676635742e+00,1.855423092842102051e+00,1.952041625976562500e+00,-8.453572988510131836e-01,-1.945865988731384277e+00,-6.863686084747314453e+00,-5.326662540435791016e+00,-6.295185565948486328e+00,-1.105573415756225586e+00,-3.446441888809204102e+00,-5.204389095306396484e+00,-5.502138137817382812e+00,-3.581691980361938477e+00
-3.341477870941162109e+00,-3.626088619232177734e+00,-2.415835618972778320e+00,1.855399966239929199e+00,1.952030181884765625e+00,-8.453441858291625977e-01,-1.945954322814941406e+00,-6.863697052001953125e+00,-5.326676845550537109e+00,-6.295239925384521484e+00,-1.105603694915771484e+00,-3.446444511413574219e+00,-5.204372406005859375e+00,-5.502120018005371094e+00,-3.581692457199096680e+00
-3.341534614562988281e+00,-3.626137256622314453e+00,-2.415895938873291016e+00,1.855376005172729492e+00,1.952018499374389648e+00,-8.453301191329956055e-01,-1.946047067642211914e+00,-6.863708496093750000e+00,-5.326692581176757812e+00,-6.295297622680664062e+00,-1.105635523796081543e+00,-3.446446895599365234e+00,-5.204355716705322266e+00,-5.502100944519042969e+00,-3.581692695617675781e+00
-3.341593742370605469e+00,-3.626188278198242188e+00,-2.415959596633911133e+00,1.855350852012634277e+00,1.952005863189697266e+00,-8.453155755996704102e-01,-1.946144461631774902e+00,-6.863720417022705078e+00,-5.326708316802978516e+00,-6.295358180999755859e+00,-1.105669021606445312e+00,-3.446449518203735352e+00,-5.204337596893310547e+00,-5.502081871032714844e+00,-3.581693172454833984e+00
-3.341655731201171875e+00,-3.626241683959960938e+00,-2.416026353836059570e+00,1.855324268341064453e+00,1.951992988586425781e+00,-8.453000783920288086e-01,-1.946246743202209473e+00,-6.863732814788818359e+00,-5.326725482940673828e+00,-6.295421600341796875e+00,-1.105704069137573242e+00,-3.446452379226684570e+00,-5.204319000244140625e+00,-5.502060890197753906e+00,-3.581693649291992188e+00
-3.341721534729003906e+00,-3.626297950744628906e+00,-2.416096448898315430e+00,1.855296492576599121e+00,1.951979160308837891e+00,-8.452839851379394531e-01,-1.946354269981384277e+00,-6.863745689392089844e+00,-5.326742649078369141e+00,-6.295488357543945312e+00,-1.105741024017333984e+00,-3.446455240249633789e+00,-5.204298973083496094e+00,-5.502039432525634766e+00,-3.581693887710571289e+00
-3.341790199279785156e+00,-3.626357078552246094e+00,-2.416170120239257812e+00,1.855267167091369629e+00,1.951964855194091797e+00,-8.452671766281127930e-01,-1.946467161178588867e+00,-6.863759517669677734e+00,-5.326761722564697266e+00,-6.295558452606201172e+00,-1.105779647827148438e+00,-3.446458339691162109e+00,-5.204277992248535156e+00,-5.502017021179199219e+00,-3.581694364547729492e+00
-3.341862678527832031e+00,-3.626418828964233398e+00,-2.416247367858886719e+00,1.855236411094665527e+00,1.951949596405029297e+00,-8.452491760253906250e-01,-1.946585774421691895e+00,-6.863774299621582031e+00,-5.326780796051025391e+00,-6.295632362365722656e+00,-1.105820417404174805e+00,-3.446461677551269531e+00,-5.204256057739257812e+00,-5.501992702484130859e+00,-3.581694841384887695e+00
-3.341938495635986328e+00,-3.626484394073486328e+00,-2.416328907012939453e+00,1.855203986167907715e+00,1.951933860778808594e+00,-8.452304601669311523e-01,-1.946710586547851562e+00,-6.863789558410644531e+00,-5.326801300048828125e+00,-6.295709609985351562e+00,-1.105863332748413086e+00,-3.446465015411376953e+00,-5.204232692718505859e+00,-5.501967430114746094e+00,-3.581695318222045898e+00
-3.342018604278564453e+00,-3.626552820205688477e+00,-2.416414499282836914e+00,1.855170130729675293e+00,1.951917171478271484e+00,-8.452107906341552734e-01,-1.946841835975646973e+00,-6.863805294036865234e+00,-5.326822757720947266e+00,-6.295790672302246094e+00,-1.105908274650573730e+00,-3.446468353271484375e+00,-5.204208374023437500e+00,-5.501940727233886719e+00,-3.581695556640625000e+00
-3.342102527618408203e+00,-3.626624822616577148e+00,-2.416504144668579102e+00,1.855134367942810059e+00,1.951899528503417969e+00,-8.451900482177734375e-01,-1.946979641914367676e+00,-6.863821983337402344e+00,-5.326845645904541016e+00,-6.295876502990722656e+00,-1.105955600738525391e+00,-3.446472167968750000e+00,-5.204183101654052734e+00,-5.501913070678710938e+00,-3.581696271896362305e+00
-3.342190742492675781e+00,-3.626700878143310547e+00,-2.416599035263061523e+00,1.855096697807312012e+00,1.951880931854248047e+00,-8.451682329177856445e-01,-1.947124838829040527e+00,-6.863840103149414062e+00,-5.326869487762451172e+00,-6.295967102050781250e+00,-1.106005430221557617e+00,-3.446476221084594727e+00,-5.204156398773193359e+00,-5.501884460449218750e+00,-3.581696748733520508e+00
-3.342283725738525391e+00,-3.626780509948730469e+00,-2.416698455810546875e+00,1.855057120323181152e+00,1.951861381530761719e+00,-8.451453447341918945e-01,-1.947277307510375977e+00,-6.863858699798583984e+00,-5.326894283294677734e+00,-6.296061515808105469e+00,-1.106057763099670410e+00,-3.446480274200439453e+00,-5.204128265380859375e+00,-5.501852989196777344e+00,-3.581697225570678711e+00
-3.342381477355957031e+00,-3.626864433288574219e+00,-2.416803121566772461e+00,1.855015516281127930e+00,1.951840877532958984e+00,-8.451212644577026367e-01,-1.947437644004821777e+00,-6.863878250122070312e+00,-5.326920986175537109e+00,-6.296161174774169922e+00,-1.106112837791442871e+00,-3.446484565734863281e+00,-5.204098224639892578e+00,-5.501821517944335938e+00,-3.581697702407836914e+00
-3.342484474182128906e+00,-3.626952648162841797e+00,-2.416913270950317383e+00,1.854971647262573242e+00,1.951819419860839844e+00,-8.450957536697387695e-01,-1.947606801986694336e+00,-6.863899230957031250e+00,-5.326948642730712891e+00,-6.296266078948974609e+00,-1.106170892715454102e+00,-3.446489334106445312e+00,-5.204067230224609375e+00,-5.501787185668945312e+00,-3.581698656082153320e+00
-3.342592716217041016e+00,-3.627045631408691406e+00,-2.417029380798339844e+00,1.854925751686096191e+00,1.951796770095825195e+00,-8.450690507888793945e-01,-1.947784662246704102e+00,-6.863921165466308594e+00,-5.326977252960205078e+00,-6.296376705169677734e+00,-1.106231927871704102e+00,-3.446494102478027344e+00,-5.204033851623535156e+00,-5.501751422882080078e+00,-3.581699132919311523e+00
-3.342707157135009766e+00,-3.627143383026123047e+00,-2.417151212692260742e+00,1.854877114295959473e+00,1.951772928237915039e+00,-8.450409173965454102e-01,-1.947971820831298828e+00,-6.863944053649902344e+00,-5.327008724212646484e+00,-6.296492576599121094e+00,-1.106296181678771973e+00,-3.446499347686767578e+00,-5.203999519348144531e+00,-5.501713752746582031e+00,-3.581699848175048828e+00
-3.342827320098876953e+00,-3.627246856689453125e+00,-2.417280197143554688e+00,1.854826092720031738e+00,1.951747655868530273e+00,-8.450113534927368164e-01,-1.948169112205505371e+00,-6.863967895507812500e+00,-5.327040672302246094e+00,-6.296615123748779297e+00,-1.106364011764526367e+00,-3.446504592895507812e+00,-5.203962802886962891e+00,-5.501673698425292969e+00,-3.581700563430786133e+00
-3.342953681945800781e+00,-3.627355098724365234e+00,-2.417415618896484375e+00,1.854772210121154785e+00,1.951721191406250000e+00,-8.449801206588745117e-01,-1.948376655578613281e+00,-6.863993644714355469e+00,-5.327075004577636719e+00,-6.296743869781494141e+00,-1.106435179710388184e+00,-3.446510314941406250e+00,-5.203924655914306641e+00,-5.501631736755371094e+00,-3.581701517105102539e+00
-3.343086719512939453e+00,-3.627469539642333984e+00,-2.417558193206787109e+00,1.854715585708618164e+00,1.951693296432495117e+00,-8.449472188949584961e-01,-1.948595404624938965e+00,-6.864019870758056641e+00,-5.327110767364501953e+00,-6.296879768371582031e+00,-1.106510162353515625e+00,-3.446516275405883789e+00,-5.203884124755859375e+00,-5.501587867736816406e+00,-3.581701993942260742e+00
-3.343227386474609375e+00,-3.627589941024780273e+00,-2.417708396911621094e+00,1.854655861854553223e+00,1.951663970947265625e+00,-8.449126482009887695e-01,-1.948825836181640625e+00,-6.864048004150390625e+00,-5.327148914337158203e+00,-6.297022819519042969e+00,-1.106589317321777344e+00,-3.446522712707519531e+00,-5.203841686248779297e+00,-5.501541614532470703e+00,-3.581702947616577148e+00
-3.343375682830810547e+00,-3.627717256546020508e+00,-2.417867183685302734e+00,1.854592680931091309e+00,1.951632738113403320e+00,-8.448759317398071289e-01,-1.949069261550903320e+00,-6.864077568054199219e+00,-5.327188491821289062e+00,-6.297173976898193359e+00,-1.106672883033752441e+00,-3.446528911590576172e+00,-5.203796386718750000e+00,-5.501492500305175781e+00,-3.581703901290893555e+00
-3.343531608581542969e+00,-3.627851486206054688e+00,-2.418034315109252930e+00,1.854526400566101074e+00,1.951600074768066406e+00,-8.448374271392822266e-01,-1.949325561523437500e+00,-6.864109039306640625e+00,-5.327230453491210938e+00,-6.297332763671875000e+00,-1.106760859489440918e+00,-3.446536064147949219e+00,-5.203749179840087891e+00,-5.501441001892089844e+00,-3.581704854965209961e+00
-3.343696117401123047e+00,-3.627992630004882812e+00,-2.418210744857788086e+00,1.854456305503845215e+00,1.951565742492675781e+00,-8.447967767715454102e-01,-1.949595808982849121e+00,-6.864142417907714844e+00,-5.327274799346923828e+00,-6.297500610351562500e+00,-1.106853723526000977e+00,-3.446543693542480469e+00,-5.203699111938476562e+00,-5.501386642456054688e+00,-3.581705808639526367e+00
-3.343870162963867188e+00,-3.628141880035400391e+00,-2.418396949768066406e+00,1.854382276535034180e+00,1.951529264450073242e+00,-8.447539806365966797e-01,-1.949881434440612793e+00,-6.864177227020263672e+00,-5.327321529388427734e+00,-6.297677993774414062e+00,-1.106951713562011719e+00,-3.446551322937011719e+00,-5.203645706176757812e+00,-5.501329421997070312e+00,-3.581706762313842773e+00
-3.344053745269775391e+00,-3.628299236297607422e+00,-2.418593168258666992e+00,1.854304194450378418e+00,1.951490879058837891e+00,-8.447086811065673828e-01,-1.950182437896728516e+00,-6.864213943481445312e+00,-5.327371120452880859e+00,-6.297864913940429688e+00,-1.107054948806762695e+00,-3.446559429168701172e+00,-5.203590393066406250e+00,-5.501268386840820312e+00,-3.581707715988159180e+00
-3.344247341156005859e+00,-3.628465414047241211e+00,-2.418800354003906250e+00,1.854221940040588379e+00,1.951450347900390625e+00,-8.446608781814575195e-01,-1.950500249862670898e+00,-6.864253044128417969e+00,-5.327423572540283203e+00,-6.298062324523925781e+00,-1.107164144515991211e+00,-3.446568012237548828e+00,-5.203531265258789062e+00,-5.501204490661621094e+00,-3.581708908081054688e+00
-3.344451904296875000e+00,-3.628641128540039062e+00,-2.419019699096679688e+00,1.854134678840637207e+00,1.951407432556152344e+00,-8.446103334426879883e-01,-1.950836420059204102e+00,-6.864294052124023438e+00,-5.327478885650634766e+00,-6.298271179199218750e+00,-1.107279539108276367e+00,-3.446577072143554688e+00,-5.203469276428222656e+00,-5.501136779785156250e+00,-3.581710100173950195e+00
-3.344667911529541016e+00,-3.628826618194580078e+00,-2.419250965118408203e+00,1.854043006896972656e+00,1.951362133026123047e+00,-8.445570468902587891e-01,-1.951190948486328125e+00,-6.864336967468261719e+00,-5.327537059783935547e+00,-6.298491477966308594e+00,-1.107401251792907715e+00,-3.446587085723876953e+00,-5.203403472900390625e+00,-5.501065254211425781e+00,-3.581711530685424805e+00
-3.344896316528320312e+00,-3.629022598266601562e+00,-2.419495344161987305e+00,1.853945732116699219e+00,1.951314449310302734e+00,-8.445007801055908203e-01,-1.951565742492675781e+00,-6.864383220672607422e+00,-5.327598571777343750e+00,-6.298723697662353516e+00,-1.107529878616333008e+00,-3.446597099304199219e+00,-5.203334808349609375e+00,-5.500989913940429688e+00,-3.581712961196899414e+00
-3.345138072967529297e+00,-3.629230260848999023e+00,-2.419754505157470703e+00,1.853842854499816895e+00,1.951263666152954102e+00,-8.444410562515258789e-01,-1.951962828636169434e+00,-6.864431858062744141e+00,-5.327663898468017578e+00,-6.298970699310302734e+00,-1.107666134834289551e+00,-3.446608066558837891e+00,-5.203261375427246094e+00,-5.500909805297851562e+00,-3.581714153289794922e+00
-3.345393657684326172e+00,-3.629449367523193359e+00,-2.420027971267700195e+00,1.853734135627746582e+00,1.951210260391235352e+00,-8.443781137466430664e-01,-1.952382087707519531e+00,-6.864482879638671875e+00,-5.327732563018798828e+00,-6.299230575561523438e+00,-1.107810020446777344e+00,-3.446619272232055664e+00,-5.203183174133300781e+00,-5.500824928283691406e+00,-3.581715822219848633e+00
-3.345664024353027344e+00,-3.629681110382080078e+00,-2.420317173004150391e+00,1.853619217872619629e+00,1.951153755187988281e+00,-8.443113565444946289e-01,-1.952825784683227539e+00,-6.864537239074707031e+00,-5.327805519104003906e+00,-6.299506187438964844e+00,-1.107962369918823242e+00,-3.446631431579589844e+00,-5.203101158142089844e+00,-5.500736236572265625e+00,-3.581717491149902344e+00
-3.345950603485107422e+00,-3.629927158355712891e+00,-2.420624017715454102e+00,1.853497385978698730e+00,1.951093673706054688e+00,-8.442406654357910156e-01,-1.953296184539794922e+00,-6.864594936370849609e+00,-5.327882766723632812e+00,-6.299798011779785156e+00,-1.108123898506164551e+00,-3.446644306182861328e+00,-5.203014373779296875e+00,-5.500641345977783203e+00,-3.581718921661376953e+00
-3.346253395080566406e+00,-3.630187273025512695e+00,-2.420948505401611328e+00,1.853368401527404785e+00,1.951030254364013672e+00,-8.441658020019531250e-01,-1.953793764114379883e+00,-6.864655494689941406e+00,-5.327964305877685547e+00,-6.300107002258300781e+00,-1.108294725418090820e+00,-3.446657896041870117e+00,-5.202921867370605469e+00,-5.500541210174560547e+00,-3.581721067428588867e+00
-3.346574783325195312e+00,-3.630463123321533203e+00,-2.421292304992675781e+00,1.853231787681579590e+00,1.950963020324707031e+00,-8.440865278244018555e-01,-1.954320907592773438e+00,-6.864720344543457031e+00,-5.328050613403320312e+00,-6.300434589385986328e+00,-1.108475685119628906e+00,-3.446672201156616211e+00,-5.202824592590332031e+00,-5.500434875488281250e+00,-3.581722736358642578e+00
-3.346915721893310547e+00,-3.630755662918090820e+00,-2.421657562255859375e+00,1.853086829185485840e+00,1.950891494750976562e+00,-8.440023660659790039e-01,-1.954880833625793457e+00,-6.864789009094238281e+00,-5.328142642974853516e+00,-6.300782203674316406e+00,-1.108667850494384766e+00,-3.446687698364257812e+00,-5.202721118927001953e+00,-5.500322341918945312e+00,-3.581724882125854492e+00
-3.347277164459228516e+00,-3.631065845489501953e+00,-2.422044277191162109e+00,1.852933049201965332e+00,1.950815916061401367e+00,-8.439131975173950195e-01,-1.955473899841308594e+00,-6.864861488342285156e+00,-5.328239917755126953e+00,-6.301150321960449219e+00,-1.108871459960937500e+00,-3.446703672409057617e+00,-5.202611446380615234e+00,-5.500203132629394531e+00,-3.581727027893066406e+00
-3.347660541534423828e+00,-3.631394863128662109e+00,-2.422454833984375000e+00,1.852770209312438965e+00,1.950735807418823242e+00,-8.438185453414916992e-01,-1.956103205680847168e+00,-6.864938259124755859e+00,-5.328343391418457031e+00,-6.301540851593017578e+00,-1.109087467193603516e+00,-3.446721076965332031e+00,-5.202495098114013672e+00,-5.500076293945312500e+00,-3.581729173660278320e+00
-3.348068237304687500e+00,-3.631744861602783203e+00,-2.422891378402709961e+00,1.852596640586853027e+00,1.950650215148925781e+00,-8.437179327011108398e-01,-1.956772565841674805e+00,-6.865019798278808594e+00,-5.328453540802001953e+00,-6.301956653594970703e+00,-1.109317302703857422e+00,-3.446739196777343750e+00,-5.202371120452880859e+00,-5.499941349029541016e+00,-3.581731557846069336e+00
-3.348500728607177734e+00,-3.632116079330444336e+00,-2.423354625701904297e+00,1.852412819862365723e+00,1.950559616088867188e+00,-8.436111211776733398e-01,-1.957482933998107910e+00,-6.865106582641601562e+00,-5.328569889068603516e+00,-6.302397727966308594e+00,-1.109561204910278320e+00,-3.446758747100830078e+00,-5.202239990234375000e+00,-5.499797821044921875e+00,-3.581734180450439453e+00
-3.348961353302001953e+00,-3.632510900497436523e+00,-2.423847198486328125e+00,1.852217078208923340e+00,1.950463294982910156e+00,-8.434973955154418945e-01,-1.958238124847412109e+00,-6.865200042724609375e+00,-5.328693866729736328e+00,-6.302866458892822266e+00,-1.109820485115051270e+00,-3.446779251098632812e+00,-5.202100276947021484e+00,-5.499646186828613281e+00,-3.581736803054809570e+00
-3.349450588226318359e+00,-3.632930755615234375e+00,-2.424371004104614258e+00,1.852008819580078125e+00,1.950361013412475586e+00,-8.433766365051269531e-01,-1.959041595458984375e+00,-6.865297794342041016e+00,-5.328825950622558594e+00,-6.303365230560302734e+00,-1.110096335411071777e+00,-3.446801185607910156e+00,-5.201951503753662109e+00,-5.499484539031982422e+00,-3.581739664077758789e+00
-3.349972724914550781e+00,-3.633378982543945312e+00,-2.424930095672607422e+00,1.851786971092224121e+00,1.950251817703247070e+00,-8.432477712631225586e-01,-1.959898352622985840e+00,-6.865402698516845703e+00,-5.328966617584228516e+00,-6.303896903991699219e+00,-1.110390543937683105e+00,-3.446824789047241211e+00,-5.201793193817138672e+00,-5.499311923980712891e+00,-3.581743001937866211e+00
-3.350527763366699219e+00,-3.633855342864990234e+00,-2.425524473190307617e+00,1.851550698280334473e+00,1.950135469436645508e+00,-8.431106805801391602e-01,-1.960809946060180664e+00,-6.865514278411865234e+00,-5.329116344451904297e+00,-6.304463386535644531e+00,-1.110703468322753906e+00,-3.446849822998046875e+00,-5.201624870300292969e+00,-5.499128341674804688e+00,-3.581746339797973633e+00
-3.351119995117187500e+00,-3.634363412857055664e+00,-2.426158189773559570e+00,1.851299166679382324e+00,1.950011491775512695e+00,-8.429644107818603516e-01,-1.961781620979309082e+00,-6.865633010864257812e+00,-5.329275608062744141e+00,-6.305066585540771484e+00,-1.111037135124206543e+00,-3.446876287460327148e+00,-5.201444625854492188e+00,-5.498932838439941406e+00,-3.581749677658081055e+00
-3.351752758026123047e+00,-3.634906530380249023e+00,-2.426835536956787109e+00,1.851030111312866211e+00,1.949878931045532227e+00,-8.428081274032592773e-01,-1.962820291519165039e+00,-6.865760326385498047e+00,-5.329446315765380859e+00,-6.305711746215820312e+00,-1.111393809318542480e+00,-3.446904659271240234e+00,-5.201252937316894531e+00,-5.498723506927490234e+00,-3.581753253936767578e+00
-3.352427482604980469e+00,-3.635485410690307617e+00,-2.427557945251464844e+00,1.850743412971496582e+00,1.949737787246704102e+00,-8.426414728164672852e-01,-1.963927745819091797e+00,-6.865895748138427734e+00,-5.329628467559814453e+00,-6.306398868560791016e+00,-1.111774086952209473e+00,-3.446935176849365234e+00,-5.201047897338867188e+00,-5.498500823974609375e+00,-3.581757307052612305e+00
-3.353148460388183594e+00,-3.636104106903076172e+00,-2.428329706192016602e+00,1.850436806678771973e+00,1.949586868286132812e+00,-8.424633741378784180e-01,-1.965111374855041504e+00,-6.866040229797363281e+00,-5.329823017120361328e+00,-6.307134151458740234e+00,-1.112180471420288086e+00,-3.446967601776123047e+00,-5.200829029083251953e+00,-5.498262405395507812e+00,-3.581761598587036133e+00
-3.353921413421630859e+00,-3.636767148971557617e+00,-2.429156780242919922e+00,1.850108623504638672e+00,1.949425220489501953e+00,-8.422725200653076172e-01,-1.966379642486572266e+00,-6.866196155548095703e+00,-5.330030918121337891e+00,-6.307921409606933594e+00,-1.112615942955017090e+00,-3.447002410888671875e+00,-5.200594902038574219e+00,-5.498006820678710938e+00,-3.581766128540039062e+00
-3.354747295379638672e+00,-3.637475967407226562e+00,-2.430040836334228516e+00,1.849757552146911621e+00,1.949252367019653320e+00,-8.420685529708862305e-01,-1.967735409736633301e+00,-6.866361618041992188e+00,-5.330254077911376953e+00,-6.308763504028320312e+00,-1.113081574440002441e+00,-3.447039604187011719e+00,-5.200344085693359375e+00,-5.497734069824218750e+00,-3.581770896911621094e+00
-3.355632305145263672e+00,-3.638235569000244141e+00,-2.430988311767578125e+00,1.849381327629089355e+00,1.949067115783691406e+00,-8.418499231338500977e-01,-1.969188213348388672e+00,-6.866539955139160156e+00,-5.330492496490478516e+00,-6.309665203094482422e+00,-1.113580465316772461e+00,-3.447079658508300781e+00,-5.200075626373291016e+00,-5.497441291809082031e+00,-3.581775903701782227e+00
-3.356583595275878906e+00,-3.639051675796508789e+00,-2.432006359100341797e+00,1.848977327346801758e+00,1.948868036270141602e+00,-8.416148424148559570e-01,-1.970749378204345703e+00,-6.866730690002441406e+00,-5.330749034881591797e+00,-6.310634613037109375e+00,-1.114116668701171875e+00,-3.447122335433959961e+00,-5.199787139892578125e+00,-5.497127532958984375e+00,-3.581781625747680664e+00
-3.357603549957275391e+00,-3.639926433563232422e+00,-2.433097600936889648e+00,1.848544120788574219e+00,1.948654651641845703e+00,-8.413628339767456055e-01,-1.972423076629638672e+00,-6.866935729980468750e+00,-5.331023693084716797e+00,-6.311674118041992188e+00,-1.114691376686096191e+00,-3.447168350219726562e+00,-5.199477672576904297e+00,-5.496790885925292969e+00,-3.581787586212158203e+00
-3.358699798583984375e+00,-3.640866756439208984e+00,-2.434270858764648438e+00,1.848078489303588867e+00,1.948425531387329102e+00,-8.410918712615966797e-01,-1.974222064018249512e+00,-6.867156505584716797e+00,-5.331319332122802734e+00,-6.312790870666503906e+00,-1.115309238433837891e+00,-3.447217941284179688e+00,-5.199145317077636719e+00,-5.496428489685058594e+00,-3.581794023513793945e+00
-3.359880924224853516e+00,-3.641880512237548828e+00,-2.435535430908203125e+00,1.847576737403869629e+00,1.948178291320800781e+00,-8.407998085021972656e-01,-1.976161003112792969e+00,-6.867393493652343750e+00,-5.331637859344482422e+00,-6.313995361328125000e+00,-1.115975260734558105e+00,-3.447271347045898438e+00,-5.198786735534667969e+00,-5.496038436889648438e+00,-3.581800699234008789e+00
-3.361151695251464844e+00,-3.642970800399780273e+00,-2.436895370483398438e+00,1.847037196159362793e+00,1.947912454605102539e+00,-8.404856920242309570e-01,-1.978246688842773438e+00,-6.867649078369140625e+00,-5.331981182098388672e+00,-6.315289974212646484e+00,-1.116691589355468750e+00,-3.447329044342041016e+00,-5.198401451110839844e+00,-5.495618820190429688e+00,-3.581808090209960938e+00
-3.362522602081298828e+00,-3.644146442413330078e+00,-2.438362121582031250e+00,1.846455216407775879e+00,1.947625875473022461e+00,-8.401466608047485352e-01,-1.980496048927307129e+00,-6.867925167083740234e+00,-5.332350730895996094e+00,-6.316687107086181641e+00,-1.117464303970336914e+00,-3.447391033172607422e+00,-5.197985649108886719e+00,-5.495165824890136719e+00,-3.581815958023071289e+00
-3.364005088806152344e+00,-3.645418167114257812e+00,-2.439948558807373047e+00,1.845826029777526855e+00,1.947315931320190430e+00,-8.397800922393798828e-01,-1.982928872108459473e+00,-6.868223190307617188e+00,-5.332750320434570312e+00,-6.318197727203369141e+00,-1.118299961090087891e+00,-3.447458267211914062e+00,-5.197535991668701172e+00,-5.494676589965820312e+00,-3.581824541091918945e+00
-3.365604877471923828e+00,-3.646790742874145508e+00,-2.441660642623901367e+00,1.845146775245666504e+00,1.946981191635131836e+00,-8.393843173980712891e-01,-1.985554575920104980e+00,-6.868545055389404297e+00,-5.333181858062744141e+00,-6.319828033447265625e+00,-1.119202136993408203e+00,-3.447530746459960938e+00,-5.197050571441650391e+00,-5.494148254394531250e+00,-3.581834077835083008e+00
-3.367336750030517578e+00,-3.648276329040527344e+00,-2.443514108657836914e+00,1.844411849975585938e+00,1.946619033813476562e+00,-8.389557600021362305e-01,-1.988396644592285156e+00,-6.868893623352050781e+00,-5.333649158477783203e+00,-6.321593284606933594e+00,-1.120178580284118652e+00,-3.447609901428222656e+00,-5.196525573730468750e+00,-5.493576526641845703e+00,-3.581844091415405273e+00
-3.369216918945312500e+00,-3.649888992309570312e+00,-2.445525646209716797e+00,1.843614459037780762e+00,1.946226119995117188e+00,-8.384904861450195312e-01,-1.991481781005859375e+00,-6.869271755218505859e+00,-5.334156513214111328e+00,-6.323509693145751953e+00,-1.121238708496093750e+00,-3.447695255279541016e+00,-5.195956230163574219e+00,-5.492956161499023438e+00,-3.581855058670043945e+00
-3.371253967285156250e+00,-3.651635885238647461e+00,-2.447704792022705078e+00,1.842750430107116699e+00,1.945800304412841797e+00,-8.379862308502197266e-01,-1.994824171066284180e+00,-6.869681358337402344e+00,-5.334705829620361328e+00,-6.325585365295410156e+00,-1.122387170791625977e+00,-3.447788238525390625e+00,-5.195339202880859375e+00,-5.492283821105957031e+00,-3.581866502761840820e+00
-3.373466491699218750e+00,-3.653534173965454102e+00,-2.450072288513183594e+00,1.841812133789062500e+00,1.945337772369384766e+00,-8.374382257461547852e-01,-1.998455524444580078e+00,-6.870127201080322266e+00,-5.335303306579589844e+00,-6.327841281890869141e+00,-1.123635053634643555e+00,-3.447889328002929688e+00,-5.194668292999267578e+00,-5.491553306579589844e+00,-3.581879138946533203e+00
-3.375874042510986328e+00,-3.655598640441894531e+00,-2.452647686004638672e+00,1.840791702270507812e+00,1.944834709167480469e+00,-8.368419408798217773e-01,-2.002405643463134766e+00,-6.870612144470214844e+00,-5.335953235626220703e+00,-6.330294609069824219e+00,-1.124992609024047852e+00,-3.447999477386474609e+00,-5.193939208984375000e+00,-5.490759372711181641e+00,-3.581892728805541992e+00
-3.378499984741210938e+00,-3.657850742340087891e+00,-2.455456972122192383e+00,1.839678883552551270e+00,1.944286108016967773e+00,-8.361911773681640625e-01,-2.006714344024658203e+00,-6.871140480041503906e+00,-5.336661815643310547e+00,-6.332971096038818359e+00,-1.126473903656005859e+00,-3.448120117187500000e+00,-5.193143844604492188e+00,-5.489892959594726562e+00,-3.581907749176025391e+00
-3.381359577178955078e+00,-3.660302639007568359e+00,-2.458515644073486328e+00,1.838467717170715332e+00,1.943688869476318359e+00,-8.354822397232055664e-01,-2.011405944824218750e+00,-6.871716499328613281e+00,-5.337433338165283203e+00,-6.335885524749755859e+00,-1.128086566925048828e+00,-3.448251485824584961e+00,-5.192278385162353516e+00,-5.488950252532958984e+00,-3.581923723220825195e+00
-3.384481430053710938e+00,-3.662979125976562500e+00,-2.461854457855224609e+00,1.837145805358886719e+00,1.943037033081054688e+00,-8.347080945968627930e-01,-2.016527414321899414e+00,-6.872345924377441406e+00,-5.338276386260986328e+00,-6.339067459106445312e+00,-1.129847526550292969e+00,-3.448395729064941406e+00,-5.191333770751953125e+00,-5.487920761108398438e+00,-3.581941843032836914e+00
-3.387898921966552734e+00,-3.665909290313720703e+00,-2.465509176254272461e+00,1.835699558258056641e+00,1.942323923110961914e+00,-8.338601589202880859e-01,-2.022133588790893555e+00,-6.873034954071044922e+00,-5.339199542999267578e+00,-6.342550277709960938e+00,-1.131775379180908203e+00,-3.448553562164306641e+00,-5.190299987792968750e+00,-5.486794471740722656e+00,-3.581960916519165039e+00
-3.391631603240966797e+00,-3.669109344482421875e+00,-2.469501018524169922e+00,1.834120631217956543e+00,1.941545009613037109e+00,-8.329333066940307617e-01,-2.028257369995117188e+00,-6.873787879943847656e+00,-5.340207576751708984e+00,-6.346354484558105469e+00,-1.133881568908691406e+00,-3.448726892471313477e+00,-5.189171314239501953e+00,-5.485564708709716797e+00,-3.581981897354125977e+00
-3.395719528198242188e+00,-3.672613143920898438e+00,-2.473871231079101562e+00,1.832392692565917969e+00,1.940692186355590820e+00,-8.319178819656372070e-01,-2.034961700439453125e+00,-6.874612808227539062e+00,-5.341312408447265625e+00,-6.350521087646484375e+00,-1.136188030242919922e+00,-3.448917388916015625e+00,-5.187935829162597656e+00,-5.484218597412109375e+00,-3.582004547119140625e+00
-3.400205612182617188e+00,-3.676458120346069336e+00,-2.478667259216308594e+00,1.830497622489929199e+00,1.939757108688354492e+00,-8.308025598526000977e-01,-2.042320251464843750e+00,-6.875518798828125000e+00,-5.342525005340576172e+00,-6.355093955993652344e+00,-1.138719916343688965e+00,-3.449127435684204102e+00,-5.186580657958984375e+00,-5.482741355895996094e+00,-3.582029342651367188e+00
-3.405116558074951172e+00,-3.680666446685791016e+00,-2.483916521072387695e+00,1.828424811363220215e+00,1.938733816146850586e+00,-8.295806646347045898e-01,-2.050374031066894531e+00,-6.876511573791503906e+00,-5.343852996826171875e+00,-6.360099792480468750e+00,-1.141491889953613281e+00,-3.449358463287353516e+00,-5.185098648071289062e+00,-5.481125831604003906e+00,-3.582056283950805664e+00
-3.410501956939697266e+00,-3.685280561447143555e+00,-2.489671945571899414e+00,1.826153755187988281e+00,1.937612295150756836e+00,-8.282393217086791992e-01,-2.059205055236816406e+00,-6.877601146697998047e+00,-5.345309734344482422e+00,-6.365589141845703125e+00,-1.144532442092895508e+00,-3.449613332748413086e+00,-5.183473587036132812e+00,-5.479354858398437500e+00,-3.582085609436035156e+00
-3.416417598724365234e+00,-3.690348148345947266e+00,-2.495992422103881836e+00,1.823661804199218750e+00,1.936381101608276367e+00,-8.267642259597778320e-01,-2.068904638290405273e+00,-6.878798484802246094e+00,-5.346910953521728516e+00,-6.371619224548339844e+00,-1.147872924804687500e+00,-3.449894905090332031e+00,-5.181690692901611328e+00,-5.477411270141601562e+00,-3.582117795944213867e+00
-3.422892570495605469e+00,-3.695892810821533203e+00,-2.502908468246459961e+00,1.820937871932983398e+00,1.935034990310668945e+00,-8.251476287841796875e-01,-2.079519271850585938e+00,-6.880110740661621094e+00,-5.348664283752441406e+00,-6.378219604492187500e+00,-1.151530027389526367e+00,-3.450205802917480469e+00,-5.179741382598876953e+00,-5.475285053253173828e+00,-3.582152605056762695e+00
-3.429984569549560547e+00,-3.701964616775512695e+00,-2.510481357574462891e+00,1.817959070205688477e+00,1.933562040328979492e+00,-8.233743906021118164e-01,-2.091142654418945312e+00,-6.881549835205078125e+00,-5.350585937500000000e+00,-6.385448455810546875e+00,-1.155536890029907227e+00,-3.450549602508544922e+00,-5.177608966827392578e+00,-5.472958564758300781e+00,-3.582190036773681641e+00
-3.437753677368164062e+00,-3.708614349365234375e+00,-2.518774986267089844e+00,1.814701318740844727e+00,1.931950569152832031e+00,-8.214279413223266602e-01,-2.103873968124389648e+00,-6.883129596710205078e+00,-5.352693080902099609e+00,-6.393368721008300781e+00,-1.159928083419799805e+00,-3.450930118560791016e+00,-5.175276756286621094e+00,-5.470413208007812500e+00,-3.582230806350708008e+00
-3.446220874786376953e+00,-3.715858221054077148e+00,-2.527809858322143555e+00,1.811158776283264160e+00,1.930196762084960938e+00,-8.193020820617675781e-01,-2.117745876312255859e+00,-6.884853363037109375e+00,-5.354992389678955078e+00,-6.402001380920410156e+00,-1.164716005325317383e+00,-3.451350212097167969e+00,-5.172739028930664062e+00,-5.467643737792968750e+00,-3.582274436950683594e+00
-3.455437660217285156e+00,-3.723739862442016602e+00,-2.537639141082763672e+00,1.807313084602355957e+00,1.928291082382202148e+00,-8.169819116592407227e-01,-2.132840156555175781e+00,-6.886734962463378906e+00,-5.357497692108154297e+00,-6.411398410797119141e+00,-1.169930100440979004e+00,-3.451815128326416016e+00,-5.169982910156250000e+00,-5.464634418487548828e+00,-3.582320928573608398e+00
-3.465449333190917969e+00,-3.732295751571655273e+00,-2.548309803009033203e+00,1.803149223327636719e+00,1.926226139068603516e+00,-8.144534826278686523e-01,-2.149230003356933594e+00,-6.888783931732177734e+00,-5.360224246978759766e+00,-6.421607017517089844e+00,-1.175597667694091797e+00,-3.452329158782958984e+00,-5.166997909545898438e+00,-5.461372375488281250e+00,-3.582370996475219727e+00
-3.476237773895263672e+00,-3.741509914398193359e+00,-2.559799909591674805e+00,1.798680663108825684e+00,1.924006938934326172e+00,-8.117176294326782227e-01,-2.166884422302246094e+00,-6.890999794006347656e+00,-5.363167762756347656e+00,-6.432609081268310547e+00,-1.181710124015808105e+00,-3.452896356582641602e+00,-5.163791656494140625e+00,-5.457866668701171875e+00,-3.582422971725463867e+00
-3.487817287445068359e+00,-3.751389741897583008e+00,-2.572120189666748047e+00,1.793909192085266113e+00,1.921633720397949219e+00,-8.087663650512695312e-01,-2.185820579528808594e+00,-6.893389225006103516e+00,-5.366335391998291016e+00,-6.444419384002685547e+00,-1.188276767730712891e+00,-3.453522205352783203e+00,-5.160366058349609375e+00,-5.454117774963378906e+00,-3.582477092742919922e+00
-3.500152111053466797e+00,-3.761902332305908203e+00,-2.585228204727172852e+00,1.788860201835632324e+00,1.919117450714111328e+00,-8.056024312973022461e-01,-2.205976963043212891e+00,-6.895948886871337891e+00,-5.369719982147216797e+00,-6.457002162933349609e+00,-1.195280790328979492e+00,-3.454212665557861328e+00,-5.156736850738525391e+00,-5.450141906738281250e+00,-3.582531690597534180e+00
-3.513176918029785156e+00,-3.772985458374023438e+00,-2.599046468734741211e+00,1.783575415611267090e+00,1.916476726531982422e+00,-8.022336959838867188e-01,-2.227237939834594727e+00,-6.898670673370361328e+00,-5.373308658599853516e+00,-6.470291614532470703e+00,-1.202688217163085938e+00,-3.454974412918090820e+00,-5.152933120727539062e+00,-5.445969104766845703e+00,-3.582586526870727539e+00
-3.526779651641845703e+00,-3.784537792205810547e+00,-2.613447904586791992e+00,1.778120160102844238e+00,1.913740873336791992e+00,-7.986768484115600586e-01,-2.249414443969726562e+00,-6.901541709899902344e+00,-5.377078056335449219e+00,-6.484175682067871094e+00,-1.210441589355468750e+00,-3.455815076828002930e+00,-5.148999691009521484e+00,-5.441644668579101562e+00,-3.582638740539550781e+00
-3.540813446044921875e+00,-3.796422958374023438e+00,-2.628262519836425781e+00,1.772582054138183594e+00,1.910949945449829102e+00,-7.949532270431518555e-01,-2.272251605987548828e+00,-6.904541969299316406e+00,-5.380995750427246094e+00,-6.498505592346191406e+00,-1.218463897705078125e+00,-3.456745386123657227e+00,-5.144996166229248047e+00,-5.437232017517089844e+00,-3.582685708999633789e+00
-3.555083751678466797e+00,-3.808462142944335938e+00,-2.643265485763549805e+00,1.767077803611755371e+00,1.908156156539916992e+00,-7.910900115966796875e-01,-2.295415639877319336e+00,-6.907646179199218750e+00,-5.385020732879638672e+00,-6.513086318969726562e+00,-1.226654887199401855e+00,-3.457780838012695312e+00,-5.141002178192138672e+00,-5.432813644409179688e+00,-3.582723855972290039e+00
-3.569353580474853516e+00,-3.820434093475341797e+00,-2.658180236816406250e+00,1.761756300926208496e+00,1.905425548553466797e+00,-7.871159315109252930e-01,-2.318496227264404297e+00,-6.910828113555908203e+00,-5.389103889465332031e+00,-6.527680397033691406e+00,-1.234894275665283203e+00,-3.458944797515869141e+00,-5.137119293212890625e+00,-5.428491592407226562e+00,-3.582747697830200195e+00
-3.583353996276855469e+00,-3.832080364227294922e+00,-2.672683954238891602e+00,1.756802082061767578e+00,1.902838706970214844e+00,-7.830545902252197266e-01,-2.341019630432128906e+00,-6.914062500000000000e+00,-5.393196105957031250e+00,-6.542016983032226562e+00,-1.243049025535583496e+00,-3.460274457931518555e+00,-5.133470535278320312e+00,-5.424392223358154297e+00,-3.582749128341674805e+00
-3.596778869628906250e+00,-3.843100070953369141e+00,-2.686398983001708984e+00,1.752448558807373047e+00,1.900494337081909180e+00,-7.789155244827270508e-01,-2.362440109252929688e+00,-6.917331695556640625e+00,-5.397247791290283203e+00,-6.555794239044189453e+00,-1.250977277755737305e+00,-3.461829900741577148e+00,-5.130210876464843750e+00,-5.420670986175537109e+00,-3.582716464996337891e+00
-3.609311580657958984e+00,-3.853156566619873047e+00,-2.698904037475585938e+00,1.748992443084716797e+00,1.898513078689575195e+00,-7.746739387512207031e-01,-2.382166147232055664e+00,-6.920637130737304688e+00,-5.401223659515380859e+00,-6.568700790405273438e+00,-1.258547663688659668e+00,-3.463711977005004883e+00,-5.127532005310058594e+00,-5.417514801025390625e+00,-3.582630872726440430e+00
-3.620608806610107422e+00,-3.861850261688232422e+00,-2.709700584411621094e+00,1.746838927268981934e+00,1.897051811218261719e+00,-7.702435255050659180e-01,-2.399527311325073242e+00,-6.924014568328857422e+00,-5.405111789703369141e+00,-6.580408096313476562e+00,-1.265648365020751953e+00,-3.466091156005859375e+00,-5.125689029693603516e+00,-5.415164947509765625e+00,-3.582459211349487305e+00
-3.630282402038574219e+00,-3.868663311004638672e+00,-2.718147039413452148e+00,1.746587038040161133e+00,1.896330595016479492e+00,-7.654240131378173828e-01,-2.413710594177246094e+00,-6.927554130554199219e+00,-5.408939838409423828e+00,-6.590553760528564453e+00,-1.272206425666809082e+00,-3.469263076782226562e+00,-5.125048637390136719e+00,-5.413960456848144531e+00,-3.582140207290649414e+00
-3.637824058532714844e+00,-3.872814893722534180e+00,-2.723291873931884766e+00,1.749201655387878418e+00,1.896684408187866211e+00,-7.597990036010742188e-01,-2.423599004745483398e+00,-6.931426525115966797e+00,-5.412789821624755859e+00,-6.598679542541503906e+00,-1.278218507766723633e+00,-3.473754167556762695e+00,-5.126182079315185547e+00,-5.414406776428222656e+00,-3.581543684005737305e+00
-3.642389774322509766e+00,-3.872896432876586914e+00,-2.723468780517578125e+00,1.756350517272949219e+00,1.898652553558349609e+00,-7.525188922882080078e-01,-2.427384614944458008e+00,-6.935880661010742188e+00,-5.416788578033447266e+00,-6.604026794433593750e+00,-1.283811926841735840e+00,-3.480513572692871094e+00,-5.130026817321777344e+00,-5.417297840118408203e+00,-3.580357789993286133e+00
-3.642141819000244141e+00,-3.865851402282714844e+00,-2.715241670608520508e+00,1.770946264266967773e+00,1.903048753738403320e+00,-7.418433427810668945e-01,-2.421654939651489258e+00,-6.940952301025390625e+00,-5.420878887176513672e+00,-6.604866504669189453e+00,-1.289396286010742188e+00,-3.491176605224609375e+00,-5.138042449951171875e+00,-5.423737525939941406e+00,-3.577704191207885742e+00
-3.631748199462890625e+00,-3.843553543090820312e+00,-2.690236568450927734e+00,1.797257661819458008e+00,1.910432100296020508e+00,-7.241955995559692383e-01,-2.399025440216064453e+00,-6.944190025329589844e+00,-5.423118591308593750e+00,-6.595637798309326172e+00,-1.296072244644165039e+00,-3.507741928100585938e+00,-5.151368618011474609e+00,-5.433822631835937500e+00,-3.570494413375854492e+00
-3.590019226074218750e+00,-3.778093814849853516e+00,-2.623497962951660156e+00,1.833503007888793945e+00,1.915271282196044922e+00,-6.927540302276611328e-01,-2.340702056884765625e+00,-6.923502922058105469e+00,-5.407040596008300781e+00,-6.550532817840576172e+00,-1.306486129760742188e+00,-3.524945259094238281e+00,-5.159992218017578125e+00,-5.433588981628417969e+00,-3.544279336929321289e+00
-3.398030281066894531e+00,-3.535995960235595703e+00,-2.419253349304199219e+00,1.801004409790039062e+00,1.857968568801879883e+00,-6.316711902618408203e-01,-2.180449485778808594e+00,-6.683225631713867188e+00,-5.227715969085693359e+00,-6.290042400360107422e+00,-1.319021463394165039e+00,-3.450884342193603516e+00,-5.030886173248291016e+00,-5.269910335540771484e+00,-3.399107217788696289e+00
-2.137722015380859375e+00,-2.253426551818847656e+00,-1.632070541381835938e+00,1.023404240608215332e+00,1.251238584518432617e+00,-3.232350647449493408e-01,-1.503572225570678711e+00,-4.174068450927734375e+00,-3.348258972167968750e+00,-4.061339855194091797e+00,-1.108857154846191406e+00,-2.242277622222900391e+00,-3.206306219100952148e+00,-3.274647951126098633e+00,-2.131785869598388672e+00
1.353342413902282715e+00,1.071860790252685547e+00,1.403272151947021484e-01,-1.205192327499389648e+00,-4.576228857040405273e-01,7.086174488067626953e-01,2.483265399932861328e-01,3.608778953552246094e+00,2.521698951721191406e+00,2.670988082885742188e+00,-1.294720768928527832e-01,1.650274395942687988e+00,2.727048397064208984e+00,3.026643991470336914e+00,1.773406505584716797e+00
2.426138401031494141e+00,2.260021686553955078e+00,9.984280467033386230e-01,-1.625234365463256836e+00,-9.132502675056457520e-01,1.035199284553527832e+00,9.857401847839355469e-01,5.525499343872070312e+00,4.012831211090087891e+00,4.434731483459472656e+00,8.164429664611816406e-02,2.518438816070556641e+00,4.135536193847656250e+00,4.541762351989746094e+00,2.854744195938110352e+00
2.645277976989746094e+00,2.540966510772705078e+00,1.270251512527465820e+00,-1.591563344001770020e+00,-9.575840830802917480e-01,1.110391855239868164e+00,1.216596961021423340e+00,5.728993415832519531e+00,4.187825202941894531e+00,4.683924674987792969e+00,1.012041568756103516e-01,2.568959474563598633e+00,4.247176170349121094e+00,4.670890331268310547e+00,3.014659166336059570e+00
2.714102268218994141e+00,2.632317066192626953e+00,1.369730949401855469e+00,-1.549288630485534668e+00,-9.551404118537902832e-01,1.137714266777038574e+00,1.311131715774536133e+00,5.758521080017089844e+00,4.217932224273681641e+00,4.748436450958251953e+00,1.078260540962219238e-01,2.559213638305664062e+00,4.245089530944824219e+00,4.673368453979492188e+00,3.050719022750854492e+00
2.740706443786621094e+00,2.668846845626831055e+00,1.411662817001342773e+00,-1.523421883583068848e+00,-9.495537877082824707e-01,1.150806069374084473e+00,1.353835821151733398e+00,5.762829780578613281e+00,4.224328041076660156e+00,4.771706581115722656e+00,1.103041172027587891e-01,2.548706293106079102e+00,4.235585212707519531e+00,4.665675163269042969e+00,3.062126159667968750e+00
2.750297069549560547e+00,2.683942794799804688e+00,1.429364681243896484e+00,-1.509144425392150879e+00,-9.459149241447448730e-01,1.158649921417236328e+00,1.371317148208618164e+00,5.762104988098144531e+00,4.224948406219482422e+00,4.779400825500488281e+00,1.098160743713378906e-01,2.541374206542968750e+00,4.229177474975585938e+00,4.660243988037109375e+00,3.066721200942993164e+00
2.751533985137939453e+00,2.688876152038574219e+00,1.435114860534667969e+00,-1.501821875572204590e+00,-9.441565871238708496e-01,1.164240598678588867e+00,1.375135064125061035e+00,5.760143756866455078e+00,4.223648071289062500e+00,4.779484748840332031e+00,1.073285937309265137e-01,2.536386966705322266e+00,4.225869178771972656e+00,4.657591819763183594e+00,3.068914651870727539e+00
2.748323917388916016e+00,2.688499450683593750e+00,1.434486865997314453e+00,-1.498596429824829102e+00,-9.436779618263244629e-01,1.168708920478820801e+00,1.371289014816284180e+00,5.757866859436035156e+00,4.221578598022460938e+00,4.775499820709228516e+00,1.036202907562255859e-01,2.532885074615478516e+00,4.224667072296142578e+00,4.656897544860839844e+00,3.070094347000122070e+00
2.742713928222656250e+00,2.685240983963012695e+00,1.430356979370117188e+00,-1.497796654701232910e+00,-9.439998269081115723e-01,1.172522306442260742e+00,1.363154768943786621e+00,5.755554676055908203e+00,4.219193458557128906e+00,4.769322395324707031e+00,9.924113750457763672e-02,2.530323982238769531e+00,4.224784851074218750e+00,4.657440185546875000e+00,3.070783376693725586e+00
2.735861778259277344e+00,2.680428981781005859e+00,1.424327850341796875e+00,-1.498436570167541504e+00,-9.448018670082092285e-01,1.175892710685729980e+00,1.352713108062744141e+00,5.753309249877929688e+00,4.216707706451416016e+00,4.762027740478515625e+00,9.455513954162597656e-02,2.528377056121826172e+00,4.225700378417968750e+00,4.658729076385498047e+00,3.071210145950317383e+00
2.728444099426269531e+00,2.674826145172119141e+00,1.417329311370849609e+00,-1.499923467636108398e+00,-9.458795189857482910e-01,1.178927540779113770e+00,1.341149091720581055e+00,5.751171588897705078e+00,4.214232921600341797e+00,4.754248619079589844e+00,8.979284763336181641e-02,2.526847124099731445e+00,4.227083206176757812e+00,4.660445213317871094e+00,3.071485757827758789e+00
2.720868587493896484e+00,2.668886423110961914e+00,1.409918069839477539e+00,-1.501894116401672363e+00,-9.471028447151184082e-01,1.181686997413635254e+00,1.329182147979736328e+00,5.749157905578613281e+00,4.211830615997314453e+00,4.746366500854492188e+00,8.509784936904907227e-02,2.525611877441406250e+00,4.228723049163818359e+00,4.662387371063232422e+00,3.071668624877929688e+00
2.713373661041259766e+00,2.662878990173339844e+00,1.402424812316894531e+00,-1.504122614860534668e+00,-9.483907818794250488e-01,1.184210658073425293e+00,1.317244529724121094e+00,5.747272491455078125e+00,4.209531784057617188e+00,4.738608360290527344e+00,8.055430650711059570e-02,2.524590730667114258e+00,4.230488300323486328e+00,4.664428234100341797e+00,3.071791887283325195e+00
2.706100463867187500e+00,2.656964778900146484e+00,1.395049810409545898e+00,-1.506467580795288086e+00,-9.496923089027404785e-01,1.186527252197265625e+00,1.305593490600585938e+00,5.745512962341308594e+00,4.207353115081787109e+00,4.731102943420410156e+00,7.620942592620849609e-02,2.523730754852294922e+00,4.232295989990234375e+00,4.666489124298095703e+00,3.071875810623168945e+00
2.699112415313720703e+00,2.651226520538330078e+00,1.387894153594970703e+00,-1.508844852447509766e+00,-9.509783387184143066e-01,1.188663363456726074e+00,1.294354319572448730e+00,5.743871688842773438e+00,4.205295085906982422e+00,4.723908424377441406e+00,7.207822799682617188e-02,2.522993803024291992e+00,4.234097480773925781e+00,4.668523788452148438e+00,3.071933031082153320e+00
2.692472457885742188e+00,2.645734310150146484e+00,1.381045579910278320e+00,-1.511191368103027344e+00,-9.522256255149841309e-01,1.190631151199340820e+00,1.283641099929809570e+00,5.742346286773681641e+00,4.203364849090576172e+00,4.717082977294921875e+00,6.818222999572753906e-02,2.522356271743774414e+00,4.235856056213378906e+00,4.670496463775634766e+00,3.071971654891967773e+00
2.686183929443359375e+00,2.640505313873291016e+00,1.374524593353271484e+00,-1.513476729393005371e+00,-9.534251093864440918e-01,1.192450165748596191e+00,1.273471474647521973e+00,5.740925788879394531e+00,4.201554775238037109e+00,4.710627079010009766e+00,6.451380252838134766e-02,2.521797418594360352e+00,4.237553596496582031e+00,4.672393321990966797e+00,3.071996688842773438e+00
2.680239677429199219e+00,2.635541200637817383e+00,1.368334054946899414e+00,-1.515683650970458984e+00,-9.545726180076599121e-01,1.194136857986450195e+00,1.263840436935424805e+00,5.739602088928222656e+00,4.199857234954833984e+00,4.704529762268066406e+00,6.106162071228027344e-02,2.521302223205566406e+00,4.239183902740478516e+00,4.674206733703613281e+00,3.072012186050415039e+00
2.674650669097900391e+00,2.630858898162841797e+00,1.362494945526123047e+00,-1.517793416976928711e+00,-9.556618332862854004e-01,1.195698261260986328e+00,1.254772067070007324e+00,5.738371849060058594e+00,4.198270797729492188e+00,4.698801994323730469e+00,5.782747268676757812e-02,2.520861864089965820e+00,4.240735054016113281e+00,4.675928115844726562e+00,3.072020769119262695e+00
2.669395446777343750e+00,2.626444101333618164e+00,1.356989383697509766e+00,-1.519804358482360840e+00,-9.566938281059265137e-01,1.197147727012634277e+00,1.246234416961669922e+00,5.737224578857421875e+00,4.196786880493164062e+00,4.693419456481933594e+00,5.479514598846435547e-02,2.520466804504394531e+00,4.242208003997802734e+00,4.677558422088623047e+00,3.072023868560791016e+00
2.664450645446777344e+00,2.622281551361083984e+00,1.351797819137573242e+00,-1.521717071533203125e+00,-9.576709866523742676e-01,1.198497295379638672e+00,1.238193392753601074e+00,5.736154556274414062e+00,4.195396900177001953e+00,4.688356876373291016e+00,5.194872617721557617e-02,2.520109891891479492e+00,4.243604660034179688e+00,4.679102897644042969e+00,3.072023630142211914e+00
2.659815788269042969e+00,2.618372440338134766e+00,1.346922636032104492e+00,-1.523526191711425781e+00,-9.585915207862854004e-01,1.199751019477844238e+00,1.230649948120117188e+00,5.735157489776611328e+00,4.194098472595214844e+00,4.683613777160644531e+00,4.928612709045410156e-02,2.519787073135375977e+00,4.244922637939453125e+00,4.680557250976562500e+00,3.072020530700683594e+00
2.655466556549072266e+00,2.614698410034179688e+00,1.342339992523193359e+00,-1.525236845016479492e+00,-9.594592452049255371e-01,1.200918674468994141e+00,1.223565340042114258e+00,5.734227180480957031e+00,4.192883491516113281e+00,4.679163932800292969e+00,4.679137468338012695e-02,2.519493103027343750e+00,4.246166229248046875e+00,4.681927680969238281e+00,3.072015523910522461e+00
2.651378631591796875e+00,2.611241340637207031e+00,1.338027477264404297e+00,-1.526855111122131348e+00,-9.602778553962707520e-01,1.202009081840515137e+00,1.216902852058410645e+00,5.733356475830078125e+00,4.191744327545166016e+00,4.674983024597167969e+00,4.445016384124755859e-02,2.519224166870117188e+00,4.247340202331542969e+00,4.683220863342285156e+00,3.072008609771728516e+00
2.647549152374267578e+00,2.607998847961425781e+00,1.333983182907104492e+00,-1.528379082679748535e+00,-9.610471129417419434e-01,1.203024744987487793e+00,1.210658550262451172e+00,5.732544422149658203e+00,4.190680027008056641e+00,4.671067237854003906e+00,4.225957393646240234e-02,2.518977880477905273e+00,4.248444557189941406e+00,4.684435844421386719e+00,3.072001218795776367e+00
2.643956184387207031e+00,2.604953527450561523e+00,1.330184459686279297e+00,-1.529816031455993652e+00,-9.617708325386047363e-01,1.203973174095153809e+00,1.204796433448791504e+00,5.731785297393798828e+00,4.189682483673095703e+00,4.667394161224365234e+00,4.020619392395019531e-02,2.518751621246337891e+00,4.249485015869140625e+00,4.685578823089599609e+00,3.071992874145507812e+00
2.640578746795654297e+00,2.602088928222656250e+00,1.326610803604125977e+00,-1.531171917915344238e+00,-9.624527096748352051e-01,1.204860806465148926e+00,1.199284553527832031e+00,5.731073856353759766e+00,4.188746929168701172e+00,4.663941860198974609e+00,3.827810287475585938e-02,2.518542766571044922e+00,4.250465393066406250e+00,4.686655998229980469e+00,3.071984052658081055e+00
2.637413978576660156e+00,2.599402427673339844e+00,1.323259830474853516e+00,-1.532447338104248047e+00,-9.630931019783020020e-01,1.205689430236816406e+00,1.194117307662963867e+00,5.730408668518066406e+00,4.187871456146240234e+00,4.660707473754882812e+00,3.647267818450927734e-02,2.518350601196289062e+00,4.251386165618896484e+00,4.687667369842529297e+00,3.071974992752075195e+00
2.634442329406738281e+00,2.596878528594970703e+00,1.320111274719238281e+00,-1.533648371696472168e+00,-9.636952280998229980e-01,1.206464886665344238e+00,1.189264774322509766e+00,5.729785919189453125e+00,4.187050819396972656e+00,4.657671451568603516e+00,3.477895259857177734e-02,2.518172502517700195e+00,4.252252578735351562e+00,4.688618183135986328e+00,3.071965932846069336e+00
2.631648063659667969e+00,2.594503402709960938e+00,1.317148447036743164e+00,-1.534781098365783691e+00,-9.642625451087951660e-01,1.207192063331604004e+00,1.184699773788452148e+00,5.729201316833496094e+00,4.186279773712158203e+00,4.654815673828125000e+00,3.318691253662109375e-02,2.518007516860961914e+00,4.253069877624511719e+00,4.689514160156250000e+00,3.071956872940063477e+00
2.629027366638183594e+00,2.592275381088256836e+00,1.314368724822998047e+00,-1.535845875740051270e+00,-9.647951722145080566e-01,1.207872271537780762e+00,1.180417656898498535e+00,5.728654384613037109e+00,4.185556888580322266e+00,4.652138710021972656e+00,3.169488906860351562e-02,2.517854213714599609e+00,4.253836631774902344e+00,4.690355300903320312e+00,3.071947813034057617e+00
2.626564979553222656e+00,2.590180635452270508e+00,1.311755418777465820e+00,-1.536848425865173340e+00,-9.652963280677795410e-01,1.208509802818298340e+00,1.176393389701843262e+00,5.728141307830810547e+00,4.184878349304199219e+00,4.649623870849609375e+00,3.029358386993408203e-02,2.517712116241455078e+00,4.254558563232421875e+00,4.691146850585937500e+00,3.071939229965209961e+00
2.624250888824462891e+00,2.588211059570312500e+00,1.309298276901245117e+00,-1.537792801856994629e+00,-9.657680392265319824e-01,1.209107756614685059e+00,1.172610282897949219e+00,5.727659702301025391e+00,4.184241294860839844e+00,4.647259712219238281e+00,2.897721529006958008e-02,2.517580032348632812e+00,4.255238056182861328e+00,4.691891193389892578e+00,3.071930646896362305e+00
2.622071743011474609e+00,2.586355686187744141e+00,1.306983709335327148e+00,-1.538683533668518066e+00,-9.662124514579772949e-01,1.209669828414916992e+00,1.169047236442565918e+00,5.727206707000732422e+00,4.183641910552978516e+00,4.645033836364746094e+00,2.773809432983398438e-02,2.517456054687500000e+00,4.255878925323486328e+00,4.692593574523925781e+00,3.071922063827514648e+00
2.620025157928466797e+00,2.584613323211669922e+00,1.304809570312500000e+00,-1.539521098136901855e+00,-9.666301608085632324e-01,1.210196614265441895e+00,1.165701150894165039e+00,5.726781845092773438e+00,4.183079242706298828e+00,4.642943859100341797e+00,2.657508850097656250e-02,2.517341136932373047e+00,4.256481170654296875e+00,4.693252563476562500e+00,3.071913957595825195e+00
2.618100166320800781e+00,2.582973241806030273e+00,1.302763462066650391e+00,-1.540310382843017578e+00,-9.670234322547912598e-01,1.210691452026367188e+00,1.162552595138549805e+00,5.726382732391357422e+00,4.182549953460693359e+00,4.640978336334228516e+00,2.548122406005859375e-02,2.517233371734619141e+00,4.257048606872558594e+00,4.693874359130859375e+00,3.071906328201293945e+00
2.616285324096679688e+00,2.581427097320556641e+00,1.300834417343139648e+00,-1.541055202484130859e+00,-9.673944115638732910e-01,1.211157202720642090e+00,1.159584522247314453e+00,5.726006984710693359e+00,4.182051658630371094e+00,4.639125347137451172e+00,2.445048093795776367e-02,2.517132759094238281e+00,4.257583618164062500e+00,4.694459915161132812e+00,3.071898698806762695e+00
2.614579677581787109e+00,2.579973220825195312e+00,1.299020528793334961e+00,-1.541756033897399902e+00,-9.677434563636779785e-01,1.211594462394714355e+00,1.156794309616088867e+00,5.725653648376464844e+00,4.181583881378173828e+00,4.637383460998535156e+00,2.348190546035766602e-02,2.517038583755493164e+00,4.258087158203125000e+00,4.695010662078857422e+00,3.071891546249389648e+00
2.612973690032958984e+00,2.578603744506835938e+00,1.297312021255493164e+00,-1.542416930198669434e+00,-9.680722355842590332e-01,1.212005734443664551e+00,1.154166102409362793e+00,5.725321769714355469e+00,4.181143283843994141e+00,4.635743141174316406e+00,2.256989479064941406e-02,2.516950607299804688e+00,4.258561611175537109e+00,4.695529937744140625e+00,3.071884155273437500e+00
2.611457824707031250e+00,2.577311038970947266e+00,1.295699357986450195e+00,-1.543041110038757324e+00,-9.683826565742492676e-01,1.212393522262573242e+00,1.151686072349548340e+00,5.725008487701416016e+00,4.180727481842041016e+00,4.634195327758789062e+00,2.170956134796142578e-02,2.516867876052856445e+00,4.259009361267089844e+00,4.696020126342773438e+00,3.071877717971801758e+00
2.610031604766845703e+00,2.576095104217529297e+00,1.294181823730468750e+00,-1.543628931045532227e+00,-9.686749577522277832e-01,1.212757945060729980e+00,1.149352312088012695e+00,5.724714279174804688e+00,4.180335521697998047e+00,4.632739067077636719e+00,2.090024948120117188e-02,2.516790390014648438e+00,4.259431362152099609e+00,4.696481704711914062e+00,3.071871042251586914e+00
2.608686923980712891e+00,2.574947834014892578e+00,1.292750597000122070e+00,-1.544183611869812012e+00,-9.689506888389587402e-01,1.213101267814636230e+00,1.147151827812194824e+00,5.724436759948730469e+00,4.179967403411865234e+00,4.631366729736328125e+00,2.013748884201049805e-02,2.516717910766601562e+00,4.259829044342041016e+00,4.696916580200195312e+00,3.071865320205688477e+00
2.607417106628417969e+00,2.573864459991455078e+00,1.291398763656616211e+00,-1.544707894325256348e+00,-9.692111611366271973e-01,1.213425159454345703e+00,1.145073175430297852e+00,5.724174499511718750e+00,4.179619312286376953e+00,4.630069732666015625e+00,1.941698789596557617e-02,2.516649246215820312e+00,4.260205268859863281e+00,4.697327613830566406e+00,3.071859359741210938e+00
2.606220722198486328e+00,2.572843551635742188e+00,1.290125370025634766e+00,-1.545202016830444336e+00,-9.694564938545227051e-01,1.213730096817016602e+00,1.143115282058715820e+00,5.723928451538085938e+00,4.179291248321533203e+00,4.628848552703857422e+00,1.873856782913208008e-02,2.516585111618041992e+00,4.260559558868408203e+00,4.697715282440185547e+00,3.071853637695312500e+00
2.605092048645019531e+00,2.571880340576171875e+00,1.288923263549804688e+00,-1.545668601989746094e+00,-9.696882367134094238e-01,1.214017629623413086e+00,1.141267418861389160e+00,5.723695755004882812e+00,4.178982257843017578e+00,4.627696037292480469e+00,1.809835433959960938e-02,2.516524791717529297e+00,4.260893821716308594e+00,4.698081493377685547e+00,3.071848392486572266e+00
2.604024410247802734e+00,2.570969104766845703e+00,1.287786483764648438e+00,-1.546110033988952637e+00,-9.699073433876037598e-01,1.214289307594299316e+00,1.139520168304443359e+00,5.723475933074951172e+00,4.178689956665039062e+00,4.626605987548828125e+00,1.749312877655029297e-02,2.516468048095703125e+00,4.261210441589355469e+00,4.698427200317382812e+00,3.071843147277832031e+00
2.603017807006835938e+00,2.570110321044921875e+00,1.286714792251586914e+00,-1.546526551246643066e+00,-9.701140522956848145e-01,1.214545369148254395e+00,1.137872695922851562e+00,5.723268508911132812e+00,4.178414821624755859e+00,4.625578880310058594e+00,1.692265272140502930e-02,2.516414403915405273e+00,4.261508941650390625e+00,4.698753833770751953e+00,3.071838140487670898e+00
2.602067470550537109e+00,2.569298744201660156e+00,1.285702228546142578e+00,-1.546920061111450195e+00,-9.703093171119689941e-01,1.214787006378173828e+00,1.136316537857055664e+00,5.723073005676269531e+00,4.178154468536376953e+00,4.624608993530273438e+00,1.638382673263549805e-02,2.516364097595214844e+00,4.261790752410888672e+00,4.699061870574951172e+00,3.071833848953247070e+00
2.601167678833007812e+00,2.568530559539794922e+00,1.284743785858154297e+00,-1.547292709350585938e+00,-9.704940915107727051e-01,1.215015530586242676e+00,1.134843707084655762e+00,5.722887992858886719e+00,4.177908420562744141e+00,4.623690605163574219e+00,1.587390899658203125e-02,2.516316652297973633e+00,4.262058258056640625e+00,4.699354171752929688e+00,3.071829080581665039e+00
2.600318908691406250e+00,2.567805767059326172e+00,1.283839464187622070e+00,-1.547644495964050293e+00,-9.706686139106750488e-01,1.215231180191040039e+00,1.133453607559204102e+00,5.722712993621826172e+00,4.177675724029541016e+00,4.622823715209960938e+00,1.539278030395507812e-02,2.516271829605102539e+00,4.262310028076171875e+00,4.699629306793212891e+00,3.071825265884399414e+00
2.599515914916992188e+00,2.567120313644409180e+00,1.282984256744384766e+00,-1.547977328300476074e+00,-9.708335995674133301e-01,1.215435028076171875e+00,1.132139325141906738e+00,5.722548484802246094e+00,4.177456378936767578e+00,4.622004508972167969e+00,1.493793725967407227e-02,2.516229629516601562e+00,4.262547969818115234e+00,4.699889659881591797e+00,3.071820974349975586e+00
2.598755836486816406e+00,2.566471099853515625e+00,1.282174110412597656e+00,-1.548292517662048340e+00,-9.709898829460144043e-01,1.215627908706665039e+00,1.130894541740417480e+00,5.722392082214355469e+00,4.177248001098632812e+00,4.621228218078613281e+00,1.450711488723754883e-02,2.516189575195312500e+00,4.262773990631103516e+00,4.700136661529541016e+00,3.071817159652709961e+00
2.598037719726562500e+00,2.565857887268066406e+00,1.281408786773681641e+00,-1.548590540885925293e+00,-9.711375832557678223e-01,1.215810060501098633e+00,1.129718661308288574e+00,5.722244262695312500e+00,4.177051544189453125e+00,4.620495796203613281e+00,1.410031318664550781e-02,2.516151905059814453e+00,4.262987136840820312e+00,4.700369834899902344e+00,3.071813583374023438e+00
2.597358226776123047e+00,2.565277576446533203e+00,1.280684709548950195e+00,-1.548872351646423340e+00,-9.712772965431213379e-01,1.215982317924499512e+00,1.128606081008911133e+00,5.722105026245117188e+00,4.176865577697753906e+00,4.619801998138427734e+00,1.371538639068603516e-02,2.516116619110107422e+00,4.263189315795898438e+00,4.700590133666992188e+00,3.071810245513916016e+00
2.596715450286865234e+00,2.564728260040283203e+00,1.279999494552612305e+00,-1.549139380455017090e+00,-9.714096188545227051e-01,1.216145396232604980e+00,1.127552986145019531e+00,5.721972465515136719e+00,4.176689624786376953e+00,4.619145393371582031e+00,1.335102319717407227e-02,2.516082763671875000e+00,4.263380050659179688e+00,4.700798988342285156e+00,3.071807146072387695e+00
2.596105575561523438e+00,2.564207315444946289e+00,1.279349327087402344e+00,-1.549392580986022949e+00,-9.715350270271301270e-01,1.216299891471862793e+00,1.126554250717163086e+00,5.721847534179687500e+00,4.176522731781005859e+00,4.618523120880126953e+00,1.300561428070068359e-02,2.516050815582275391e+00,4.263561725616455078e+00,4.700997352600097656e+00,3.071803808212280273e+00
2.595529079437255859e+00,2.563714504241943359e+00,1.278734683990478516e+00,-1.549631953239440918e+00,-9.716536402702331543e-01,1.216445922851562500e+00,1.125610113143920898e+00,5.721729278564453125e+00,4.176365375518798828e+00,4.617934703826904297e+00,1.267910003662109375e-02,2.516021013259887695e+00,4.263732910156250000e+00,4.701184272766113281e+00,3.071800708770751953e+00
2.594983100891113281e+00,2.563248157501220703e+00,1.278152704238891602e+00,-1.549858927726745605e+00,-9.717660546302795410e-01,1.216584205627441406e+00,1.124715924263000488e+00,5.721617221832275391e+00,4.176215648651123047e+00,4.617377281188964844e+00,1.236981153488159180e-02,2.515992641448974609e+00,4.263895034790039062e+00,4.701361656188964844e+00,3.071798086166381836e+00
2.594464778900146484e+00,2.562805652618408203e+00,1.277600288391113281e+00,-1.550074219703674316e+00,-9.718726277351379395e-01,1.216715335845947266e+00,1.123867154121398926e+00,5.721510887145996094e+00,4.176074504852294922e+00,4.616848945617675781e+00,1.207637786865234375e-02,2.515965700149536133e+00,4.264049530029296875e+00,4.701530456542968750e+00,3.071795225143432617e+00
2.593974590301513672e+00,2.562386512756347656e+00,1.277077913284301758e+00,-1.550277829170227051e+00,-9.719735980033874512e-01,1.216839551925659180e+00,1.123064398765563965e+00,5.721410751342773438e+00,4.175940513610839844e+00,4.616348266601562500e+00,1.179867982864379883e-02,2.515940189361572266e+00,4.264195442199707031e+00,4.701689720153808594e+00,3.071792840957641602e+00
2.593509674072265625e+00,2.561989784240722656e+00,1.276582241058349609e+00,-1.550470948219299316e+00,-9.720693230628967285e-01,1.216956973075866699e+00,1.122303485870361328e+00,5.721314907073974609e+00,4.175813674926757812e+00,4.615873813629150391e+00,1.153564453125000000e-02,2.515916109085083008e+00,4.264333724975585938e+00,4.701840400695800781e+00,3.071790456771850586e+00
2.593068599700927734e+00,2.561612606048583984e+00,1.276111841201782227e+00,-1.550654530525207520e+00,-9.721601605415344238e-01,1.217068672180175781e+00,1.121580839157104492e+00,5.721224784851074219e+00,4.175693035125732422e+00,4.615423202514648438e+00,1.128578186035156250e-02,2.515893459320068359e+00,4.264464855194091797e+00,4.701983928680419922e+00,3.071788072586059570e+00
2.592650890350341797e+00,2.561255931854248047e+00,1.275666713714599609e+00,-1.550828099250793457e+00,-9.722461104393005371e-01,1.217174410820007324e+00,1.120896816253662109e+00,5.721138954162597656e+00,4.175578594207763672e+00,4.614996910095214844e+00,1.104927062988281250e-02,2.515871763229370117e+00,4.264589309692382812e+00,4.702119350433349609e+00,3.071785926818847656e+00
2.592255115509033203e+00,2.560917377471923828e+00,1.275244235992431641e+00,-1.550992846488952637e+00,-9.723276495933532715e-01,1.217274546623229980e+00,1.120248079299926758e+00,5.721057891845703125e+00,4.175470352172851562e+00,4.614593029022216797e+00,1.082503795623779297e-02,2.515851259231567383e+00,4.264706611633300781e+00,4.702248573303222656e+00,3.071783781051635742e+00
2.591878890991210938e+00,2.560595989227294922e+00,1.274842977523803711e+00,-1.551149487495422363e+00,-9.724051356315612793e-01,1.217369675636291504e+00,1.119631767272949219e+00,5.720980644226074219e+00,4.175367832183837891e+00,4.614209175109863281e+00,1.061195135116577148e-02,2.515831708908081055e+00,4.264818668365478516e+00,4.702370643615722656e+00,3.071781873703002930e+00
2.591522216796875000e+00,2.560291290283203125e+00,1.274462938308715820e+00,-1.551297664642333984e+00,-9.724785685539245605e-01,1.217459917068481445e+00,1.119047880172729492e+00,5.720907211303710938e+00,4.175270080566406250e+00,4.613844871520996094e+00,1.041018962860107422e-02,2.515813350677490234e+00,4.264925003051757812e+00,4.702486991882324219e+00,3.071779966354370117e+00
2.591184139251708984e+00,2.560002326965332031e+00,1.274102449417114258e+00,-1.551438450813293457e+00,-9.725483059883117676e-01,1.217545390129089355e+00,1.118493914604187012e+00,5.720838069915771484e+00,4.175178050994873047e+00,4.613499641418457031e+00,1.021873950958251953e-02,2.515795946121215820e+00,4.265025615692138672e+00,4.702596664428710938e+00,3.071778059005737305e+00
2.590862751007080078e+00,2.559727430343627930e+00,1.273759603500366211e+00,-1.551572203636169434e+00,-9.726144671440124512e-01,1.217626690864562988e+00,1.117967247962951660e+00,5.720771789550781250e+00,4.175089836120605469e+00,4.613171577453613281e+00,1.003664731979370117e-02,2.515779495239257812e+00,4.265121459960937500e+00,4.702701568603515625e+00,3.071776390075683594e+00
2.590558052062988281e+00,2.559466838836669922e+00,1.273434400558471680e+00,-1.551699042320251465e+00,-9.726770520210266113e-01,1.217703580856323242e+00,1.117468237876892090e+00,5.720709800720214844e+00,4.175006389617919922e+00,4.612860679626464844e+00,9.864151477813720703e-03,2.515763759613037109e+00,4.265212059020996094e+00,4.702800750732421875e+00,3.071774721145629883e+00
2.590268611907958984e+00,2.559219837188720703e+00,1.273126125335693359e+00,-1.551819443702697754e+00,-9.727367758750915527e-01,1.217776656150817871e+00,1.116994380950927734e+00,5.720650672912597656e+00,4.174927234649658203e+00,4.612565994262695312e+00,9.700417518615722656e-03,2.515748977661132812e+00,4.265297889709472656e+00,4.702894210815429688e+00,3.071773290634155273e+00
2.589993476867675781e+00,2.558984756469726562e+00,1.272832632064819336e+00,-1.551933884620666504e+00,-9.727934002876281738e-01,1.217846274375915527e+00,1.116543650627136230e+00,5.720594406127929688e+00,4.174852371215820312e+00,4.612284660339355469e+00,9.544730186462402344e-03,2.515734672546386719e+00,4.265379905700683594e+00,4.702983856201171875e+00,3.071771860122680664e+00
2.589732646942138672e+00,2.558761835098266602e+00,1.272554397583007812e+00,-1.552042603492736816e+00,-9.728471636772155762e-01,1.217912197113037109e+00,1.116116523742675781e+00,5.720541000366210938e+00,4.174781322479248047e+00,4.612018585205078125e+00,9.397029876708984375e-03,2.515721321105957031e+00,4.265457630157470703e+00,4.703068733215332031e+00,3.071770429611206055e+00
2.589485168457031250e+00,2.558549880981445312e+00,1.272290468215942383e+00,-1.552145600318908691e+00,-9.728981852531433105e-01,1.217974662780761719e+00,1.115710735321044922e+00,5.720489978790283203e+00,4.174713611602783203e+00,4.611765861511230469e+00,9.256839752197265625e-03,2.515708446502685547e+00,4.265531539916992188e+00,4.703149318695068359e+00,3.071768999099731445e+00
2.589249134063720703e+00,2.558348655700683594e+00,1.272038698196411133e+00,-1.552243828773498535e+00,-9.729468226432800293e-01,1.218034267425537109e+00,1.115324735641479492e+00,5.720441818237304688e+00,4.174648761749267578e+00,4.611525535583496094e+00,9.123444557189941406e-03,2.515696287155151367e+00,4.265601158142089844e+00,4.703226089477539062e+00,3.071767568588256836e+00
2.589025497436523438e+00,2.558157444000244141e+00,1.271800279617309570e+00,-1.552336812019348145e+00,-9.729929566383361816e-01,1.218090653419494629e+00,1.114958524703979492e+00,5.720396041870117188e+00,4.174588203430175781e+00,4.611297130584716797e+00,8.996844291687011719e-03,2.515685081481933594e+00,4.265667915344238281e+00,4.703298568725585938e+00,3.071766376495361328e+00
2.588813304901123047e+00,2.557975769042968750e+00,1.271573781967163086e+00,-1.552425146102905273e+00,-9.730365872383117676e-01,1.218144297599792480e+00,1.114610552787780762e+00,5.720352172851562500e+00,4.174529552459716797e+00,4.611080169677734375e+00,8.876681327819824219e-03,2.515674114227294922e+00,4.265731334686279297e+00,4.703367710113525391e+00,3.071765422821044922e+00
2.588611602783203125e+00,2.557803153991699219e+00,1.271358728408813477e+00,-1.552509307861328125e+00,-9.730781912803649902e-01,1.218195319175720215e+00,1.114279866218566895e+00,5.720311164855957031e+00,4.174474716186523438e+00,4.610874176025390625e+00,8.762359619140625000e-03,2.515663623809814453e+00,4.265791893005371094e+00,4.703433036804199219e+00,3.071764469146728516e+00
2.588419437408447266e+00,2.557639122009277344e+00,1.271153688430786133e+00,-1.552589297294616699e+00,-9.731178879737854004e-01,1.218243837356567383e+00,1.113965034484863281e+00,5.720271587371826172e+00,4.174422264099121094e+00,4.610678195953369141e+00,8.653640747070312500e-03,2.515653848648071289e+00,4.265849113464355469e+00,4.703495979309082031e+00,3.071763277053833008e+00
2.588236808776855469e+00,2.557483196258544922e+00,1.270959138870239258e+00,-1.552665233612060547e+00,-9.731553196907043457e-01,1.218289971351623535e+00,1.113666296005249023e+00,5.720234394073486328e+00,4.174372196197509766e+00,4.610491752624511719e+00,8.550345897674560547e-03,2.515644311904907227e+00,4.265902996063232422e+00,4.703555107116699219e+00,3.071762323379516602e+00
2.588063716888427734e+00,2.557334899902343750e+00,1.270774364471435547e+00,-1.552737355232238770e+00,-9.731910824775695801e-01,1.218333721160888672e+00,1.113382220268249512e+00,5.720199108123779297e+00,4.174324989318847656e+00,4.610315322875976562e+00,8.452296257019042969e-03,2.515635490417480469e+00,4.265954971313476562e+00,4.703611373901367188e+00,3.071761369705200195e+00
2.587898254394531250e+00,2.557193756103515625e+00,1.270598173141479492e+00,-1.552806258201599121e+00,-9.732251763343811035e-01,1.218375325202941895e+00,1.113111734390258789e+00,5.720165252685546875e+00,4.174279689788818359e+00,4.610146522521972656e+00,8.358836174011230469e-03,2.515627145767211914e+00,4.266004085540771484e+00,4.703665256500244141e+00,3.071760416030883789e+00
2.587741851806640625e+00,2.557059764862060547e+00,1.270431041717529297e+00,-1.552871584892272949e+00,-9.732573628425598145e-01,1.218415021896362305e+00,1.112855195999145508e+00,5.720132827758789062e+00,4.174237251281738281e+00,4.609986305236816406e+00,8.270144462585449219e-03,2.515619039535522461e+00,4.266050338745117188e+00,4.703716278076171875e+00,3.071759939193725586e+00
2.587592601776123047e+00,2.556932449340820312e+00,1.270272016525268555e+00,-1.552933573722839355e+00,-9.732881188392639160e-01,1.218452572822570801e+00,1.112610936164855957e+00,5.720102310180664062e+00,4.174196720123291016e+00,4.609834671020507812e+00,8.185744285583496094e-03,2.515611648559570312e+00,4.266095161437988281e+00,4.703764915466308594e+00,3.071758985519409180e+00
2.587450981140136719e+00,2.556811332702636719e+00,1.270120620727539062e+00,-1.552992701530456543e+00,-9.733173251152038574e-01,1.218488335609436035e+00,1.112378358840942383e+00,5.720073223114013672e+00,4.174157619476318359e+00,4.609689712524414062e+00,8.105397224426269531e-03,2.515604019165039062e+00,4.266137123107910156e+00,4.703811168670654297e+00,3.071758031845092773e+00
2.587316036224365234e+00,2.556695938110351562e+00,1.269976615905761719e+00,-1.553048849105834961e+00,-9.733451008796691895e-01,1.218522429466247559e+00,1.112157464027404785e+00,5.720046043395996094e+00,4.174120903015136719e+00,4.609552383422851562e+00,8.029103279113769531e-03,2.515597343444824219e+00,4.266177177429199219e+00,4.703855037689208984e+00,3.071757316589355469e+00
2.587187767028808594e+00,2.556586265563964844e+00,1.269840002059936523e+00,-1.553102374076843262e+00,-9.733715653419494629e-01,1.218554854393005371e+00,1.111947417259216309e+00,5.720019340515136719e+00,4.174085617065429688e+00,4.609421253204345703e+00,7.956504821777343750e-03,2.515590667724609375e+00,4.266215801239013672e+00,4.703896522521972656e+00,3.071756601333618164e+00
2.587065219879150391e+00,2.556481838226318359e+00,1.269709587097167969e+00,-1.553153157234191895e+00,-9.733967185020446777e-01,1.218585729598999023e+00,1.111747264862060547e+00,5.719994068145751953e+00,4.174052715301513672e+00,4.609296321868896484e+00,7.887363433837890625e-03,2.515584468841552734e+00,4.266252040863037109e+00,4.703936576843261719e+00,3.071756124496459961e+00
2.586949348449707031e+00,2.556382656097412109e+00,1.269585609436035156e+00,-1.553201317787170410e+00,-9.734206795692443848e-01,1.218615055084228516e+00,1.111557245254516602e+00,5.719970703125000000e+00,4.174020290374755859e+00,4.609178066253662109e+00,7.821619510650634766e-03,2.515578269958496094e+00,4.266286849975585938e+00,4.703974246978759766e+00,3.071755409240722656e+00
2.586838722229003906e+00,2.556288242340087891e+00,1.269467830657958984e+00,-1.553247570991516113e+00,-9.734434485435485840e-01,1.218642950057983398e+00,1.111376285552978516e+00,5.719947814941406250e+00,4.173990726470947266e+00,4.609065055847167969e+00,7.759153842926025391e-03,2.515572786331176758e+00,4.266319751739501953e+00,4.704010009765625000e+00,3.071754693984985352e+00
2.586733818054199219e+00,2.556198120117187500e+00,1.269355535507202148e+00,-1.553291320800781250e+00,-9.734651446342468262e-01,1.218669533729553223e+00,1.111203789710998535e+00,5.719926357269287109e+00,4.173962116241455078e+00,4.608957767486572266e+00,7.699549198150634766e-03,2.515567302703857422e+00,4.266350746154785156e+00,4.704044342041015625e+00,3.071754217147827148e+00
2.586633682250976562e+00,2.556112766265869141e+00,1.269248962402343750e+00,-1.553333163261413574e+00,-9.734857678413391113e-01,1.218694806098937988e+00,1.111039876937866211e+00,5.719905853271484375e+00,4.173934459686279297e+00,4.608855724334716797e+00,7.642984390258789062e-03,2.515562295913696289e+00,4.266380786895751953e+00,4.704076766967773438e+00,3.071753740310668945e+00
2.586538314819335938e+00,2.556031227111816406e+00,1.269147396087646484e+00,-1.553372740745544434e+00,-9.735053181648254395e-01,1.218718767166137695e+00,1.110883951187133789e+00,5.719886302947998047e+00,4.173908710479736328e+00,4.608758926391601562e+00,7.589101791381835938e-03,2.515557289123535156e+00,4.266408920288085938e+00,4.704108238220214844e+00,3.071753263473510742e+00
2.586447715759277344e+00,2.555953741073608398e+00,1.269050598144531250e+00,-1.553410530090332031e+00,-9.735241532325744629e-01,1.218741774559020996e+00,1.110735297203063965e+00,5.719867706298828125e+00,4.173883914947509766e+00,4.608665466308593750e+00,7.537722587585449219e-03,2.515552759170532227e+00,4.266435623168945312e+00,4.704137325286865234e+00,3.071752786636352539e+00
2.586361408233642578e+00,2.555880069732666016e+00,1.268958568572998047e+00,-1.553446412086486816e+00,-9.735417962074279785e-01,1.218763470649719238e+00,1.110594034194946289e+00,5.719849586486816406e+00,4.173860073089599609e+00,4.608577728271484375e+00,7.488846778869628906e-03,2.515548229217529297e+00,4.266461372375488281e+00,4.704165458679199219e+00,3.071752309799194336e+00
2.586279392242431641e+00,2.555809736251831055e+00,1.268870830535888672e+00,-1.553480625152587891e+00,-9.735587239265441895e-01,1.218784213066101074e+00,1.110459446907043457e+00,5.719833374023437500e+00,4.173837661743164062e+00,4.608493804931640625e+00,7.442355155944824219e-03,2.515543937683105469e+00,4.266486167907714844e+00,4.704192161560058594e+00,3.071751832962036133e+00
2.586201190948486328e+00,2.555742740631103516e+00,1.268787384033203125e+00,-1.553513407707214355e+00,-9.735749363899230957e-01,1.218804001808166504e+00,1.110331177711486816e+00,5.719817161560058594e+00,4.173816204071044922e+00,4.608413696289062500e+00,7.398009300231933594e-03,2.515540122985839844e+00,4.266509532928466797e+00,4.704217910766601562e+00,3.071751356124877930e+00
2.586126804351806641e+00,2.555679321289062500e+00,1.268708229064941406e+00,-1.553544402122497559e+00,-9.735901951789855957e-01,1.218822717666625977e+00,1.110209226608276367e+00,5.719801902770996094e+00,4.173795700073242188e+00,4.608338356018066406e+00,7.355928421020507812e-03,2.515536308288574219e+00,4.266531467437744141e+00,4.704241752624511719e+00,3.071750879287719727e+00
